{
 "cells": [
  {
   "cell_type": "code",
   "execution_count": 1,
   "metadata": {},
   "outputs": [],
   "source": [
    "from sklearn.feature_extraction.text import TfidfVectorizer\n",
    "from sklearn.metrics.pairwise import cosine_similarity\n",
    "import matplotlib.pyplot as plt"
   ]
  },
  {
   "cell_type": "code",
   "execution_count": 10,
   "metadata": {},
   "outputs": [],
   "source": [
    "def house_doc(doc):\n",
    "    import pickle\n",
    "    with open('./부동산정책_Doc/{}_부동산정책_Noun_doc.txt'.format(doc),'rb') as f:\n",
    "            data=pickle.load(f)\n",
    "    char=''\n",
    "    for i in range(len(data)):\n",
    "        char+=data[i]\n",
    "    with open('./{}_부동산정책_total.txt'.format(doc),'wb') as f:\n",
    "            pickle.dump(char,f)"
   ]
  },
  {
   "cell_type": "code",
   "execution_count": 26,
   "metadata": {},
   "outputs": [],
   "source": [
    "house_doc('한겨례')"
   ]
  },
  {
   "cell_type": "code",
   "execution_count": 28,
   "metadata": {},
   "outputs": [],
   "source": [
    "import pickle\n",
    "with open('./KTV국민방송_부동산정책_total.txt','rb') as f:\n",
    "        KTV=pickle.load(f)"
   ]
  },
  {
   "cell_type": "code",
   "execution_count": 29,
   "metadata": {},
   "outputs": [],
   "source": [
    "import pickle\n",
    "with open('./한국경제TV_부동산정책_total.txt','rb') as f:\n",
    "        korean_eco=pickle.load(f)"
   ]
  },
  {
   "cell_type": "code",
   "execution_count": 30,
   "metadata": {},
   "outputs": [],
   "source": [
    "import pickle\n",
    "with open('./CHANNELA_부동산정책_total.txt','rb') as f:\n",
    "        channel_a=pickle.load(f)"
   ]
  },
  {
   "cell_type": "code",
   "execution_count": 31,
   "metadata": {},
   "outputs": [],
   "source": [
    "import pickle\n",
    "with open('./mbc_부동산정책_total.txt','rb') as f:\n",
    "        mbc=pickle.load(f)"
   ]
  },
  {
   "cell_type": "code",
   "execution_count": 32,
   "metadata": {},
   "outputs": [],
   "source": [
    "import pickle\n",
    "with open('./MBN뉴스_부동산정책_total.txt','rb') as f:\n",
    "        mbn=pickle.load(f)"
   ]
  },
  {
   "cell_type": "code",
   "execution_count": 33,
   "metadata": {},
   "outputs": [],
   "source": [
    "import pickle\n",
    "with open('./news1_부동산정책_total.txt','rb') as f:\n",
    "        news1=pickle.load(f)"
   ]
  },
  {
   "cell_type": "code",
   "execution_count": 34,
   "metadata": {},
   "outputs": [],
   "source": [
    "import pickle\n",
    "with open('./SBS_부동산정책_total.txt','rb') as f:\n",
    "        sbs=pickle.load(f)"
   ]
  },
  {
   "cell_type": "code",
   "execution_count": 35,
   "metadata": {},
   "outputs": [],
   "source": [
    "import pickle\n",
    "with open('./SBSCNBC_부동산정책_total.txt','rb') as f:\n",
    "        sbs_cnbc=pickle.load(f)"
   ]
  },
  {
   "cell_type": "code",
   "execution_count": 36,
   "metadata": {},
   "outputs": [],
   "source": [
    "import pickle\n",
    "with open('./TV조선_부동산정책_total.txt','rb') as f:\n",
    "        tv_chosun=pickle.load(f)"
   ]
  },
  {
   "cell_type": "code",
   "execution_count": 37,
   "metadata": {},
   "outputs": [],
   "source": [
    "import pickle\n",
    "with open('./국민일보_부동산정책_total.txt','rb') as f:\n",
    "        kukmin=pickle.load(f)"
   ]
  },
  {
   "cell_type": "code",
   "execution_count": 38,
   "metadata": {},
   "outputs": [],
   "source": [
    "import pickle\n",
    "with open('./문화일보_부동산정책_total.txt','rb') as f:\n",
    "        munwha=pickle.load(f)"
   ]
  },
  {
   "cell_type": "code",
   "execution_count": 39,
   "metadata": {},
   "outputs": [],
   "source": [
    "import pickle\n",
    "with open('./세계일보_부동산정책_total.txt','rb') as f:\n",
    "        world=pickle.load(f)"
   ]
  },
  {
   "cell_type": "code",
   "execution_count": 40,
   "metadata": {},
   "outputs": [],
   "source": [
    "import pickle\n",
    "with open('./연합뉴스_부동산정책_total.txt','rb') as f:\n",
    "        yonhap=pickle.load(f)"
   ]
  },
  {
   "cell_type": "code",
   "execution_count": 41,
   "metadata": {},
   "outputs": [],
   "source": [
    "import pickle\n",
    "with open('./한겨례_부동산정책_total.txt','rb') as f:\n",
    "        han=pickle.load(f)"
   ]
  },
  {
   "cell_type": "code",
   "execution_count": 42,
   "metadata": {},
   "outputs": [],
   "source": [
    "text=[]\n",
    "text.append(KTV)\n",
    "text.append(korean_eco)\n",
    "text.append(channel_a)\n",
    "text.append(han)\n",
    "text.append(yonhap)\n",
    "text.append(world)\n",
    "text.append(munwha)\n",
    "text.append(kukmin)\n",
    "text.append(tv_chosun)\n",
    "text.append(sbs_cnbc)\n",
    "text.append(sbs)\n",
    "text.append(news1)\n",
    "text.append(mbn)\n",
    "text.append(mbc)"
   ]
  },
  {
   "cell_type": "code",
   "execution_count": 43,
   "metadata": {},
   "outputs": [
    {
     "name": "stdout",
     "output_type": "stream",
     "text": [
      "(14, 14)\n"
     ]
    }
   ],
   "source": [
    "vect=TfidfVectorizer()\n",
    "data=vect.fit_transform(text)\n",
    "cosine_similarity_matrix=(data*data.T)\n",
    "print(cosine_similarity_matrix.shape)\n",
    "cosine_array=cosine_similarity_matrix.toarray()"
   ]
  },
  {
   "cell_type": "code",
   "execution_count": 44,
   "metadata": {},
   "outputs": [],
   "source": [
    "import pandas as pd\n",
    "vect_dict=['KTV','korean_eco','channel_a','hangye','Union','world','culture','kukmin','tv_chosun','sbs_cnbc','sbs','news1','mbn','mbc']\n",
    "cosine_df=pd.DataFrame(cosine_array,columns=vect_dict)\n",
    "cosine_df.index=['KTV','korean_eco','channel_a','hangye','Union','world','culture','kukmin','tv_chosun','sbs_cnbc','sbs','news1','mbn','mbc']"
   ]
  },
  {
   "cell_type": "code",
   "execution_count": 45,
   "metadata": {
    "scrolled": false
   },
   "outputs": [
    {
     "data": {
      "text/html": [
       "<div>\n",
       "<style scoped>\n",
       "    .dataframe tbody tr th:only-of-type {\n",
       "        vertical-align: middle;\n",
       "    }\n",
       "\n",
       "    .dataframe tbody tr th {\n",
       "        vertical-align: top;\n",
       "    }\n",
       "\n",
       "    .dataframe thead th {\n",
       "        text-align: right;\n",
       "    }\n",
       "</style>\n",
       "<table border=\"1\" class=\"dataframe\">\n",
       "  <thead>\n",
       "    <tr style=\"text-align: right;\">\n",
       "      <th></th>\n",
       "      <th>KTV</th>\n",
       "      <th>korean_eco</th>\n",
       "      <th>channel_a</th>\n",
       "      <th>hangye</th>\n",
       "      <th>Union</th>\n",
       "      <th>world</th>\n",
       "      <th>culture</th>\n",
       "      <th>kukmin</th>\n",
       "      <th>tv_chosun</th>\n",
       "      <th>sbs_cnbc</th>\n",
       "      <th>sbs</th>\n",
       "      <th>news1</th>\n",
       "      <th>mbn</th>\n",
       "      <th>mbc</th>\n",
       "    </tr>\n",
       "  </thead>\n",
       "  <tbody>\n",
       "    <tr>\n",
       "      <td>KTV</td>\n",
       "      <td>1.000000</td>\n",
       "      <td>0.374588</td>\n",
       "      <td>0.366194</td>\n",
       "      <td>0.344126</td>\n",
       "      <td>0.372756</td>\n",
       "      <td>0.385760</td>\n",
       "      <td>0.404564</td>\n",
       "      <td>0.364088</td>\n",
       "      <td>0.344823</td>\n",
       "      <td>0.421327</td>\n",
       "      <td>0.165745</td>\n",
       "      <td>0.370640</td>\n",
       "      <td>0.367015</td>\n",
       "      <td>0.449724</td>\n",
       "    </tr>\n",
       "    <tr>\n",
       "      <td>korean_eco</td>\n",
       "      <td>0.374588</td>\n",
       "      <td>1.000000</td>\n",
       "      <td>0.880426</td>\n",
       "      <td>0.893833</td>\n",
       "      <td>0.806984</td>\n",
       "      <td>0.673988</td>\n",
       "      <td>0.877442</td>\n",
       "      <td>0.874273</td>\n",
       "      <td>0.685699</td>\n",
       "      <td>0.816554</td>\n",
       "      <td>0.182722</td>\n",
       "      <td>0.882448</td>\n",
       "      <td>0.870193</td>\n",
       "      <td>0.595759</td>\n",
       "    </tr>\n",
       "    <tr>\n",
       "      <td>channel_a</td>\n",
       "      <td>0.366194</td>\n",
       "      <td>0.880426</td>\n",
       "      <td>1.000000</td>\n",
       "      <td>0.867597</td>\n",
       "      <td>0.791544</td>\n",
       "      <td>0.648822</td>\n",
       "      <td>0.849223</td>\n",
       "      <td>0.834348</td>\n",
       "      <td>0.700308</td>\n",
       "      <td>0.806740</td>\n",
       "      <td>0.185599</td>\n",
       "      <td>0.847924</td>\n",
       "      <td>0.830164</td>\n",
       "      <td>0.619312</td>\n",
       "    </tr>\n",
       "    <tr>\n",
       "      <td>hangye</td>\n",
       "      <td>0.344126</td>\n",
       "      <td>0.893833</td>\n",
       "      <td>0.867597</td>\n",
       "      <td>1.000000</td>\n",
       "      <td>0.798241</td>\n",
       "      <td>0.641633</td>\n",
       "      <td>0.874119</td>\n",
       "      <td>0.899029</td>\n",
       "      <td>0.662220</td>\n",
       "      <td>0.817446</td>\n",
       "      <td>0.180229</td>\n",
       "      <td>0.862662</td>\n",
       "      <td>0.883994</td>\n",
       "      <td>0.578186</td>\n",
       "    </tr>\n",
       "    <tr>\n",
       "      <td>Union</td>\n",
       "      <td>0.372756</td>\n",
       "      <td>0.806984</td>\n",
       "      <td>0.791544</td>\n",
       "      <td>0.798241</td>\n",
       "      <td>1.000000</td>\n",
       "      <td>0.609037</td>\n",
       "      <td>0.749164</td>\n",
       "      <td>0.762653</td>\n",
       "      <td>0.639923</td>\n",
       "      <td>0.711811</td>\n",
       "      <td>0.159574</td>\n",
       "      <td>0.793786</td>\n",
       "      <td>0.757421</td>\n",
       "      <td>0.625074</td>\n",
       "    </tr>\n",
       "    <tr>\n",
       "      <td>world</td>\n",
       "      <td>0.385760</td>\n",
       "      <td>0.673988</td>\n",
       "      <td>0.648822</td>\n",
       "      <td>0.641633</td>\n",
       "      <td>0.609037</td>\n",
       "      <td>1.000000</td>\n",
       "      <td>0.636382</td>\n",
       "      <td>0.658515</td>\n",
       "      <td>0.600239</td>\n",
       "      <td>0.612250</td>\n",
       "      <td>0.209698</td>\n",
       "      <td>0.696042</td>\n",
       "      <td>0.646964</td>\n",
       "      <td>0.628629</td>\n",
       "    </tr>\n",
       "    <tr>\n",
       "      <td>culture</td>\n",
       "      <td>0.404564</td>\n",
       "      <td>0.877442</td>\n",
       "      <td>0.849223</td>\n",
       "      <td>0.874119</td>\n",
       "      <td>0.749164</td>\n",
       "      <td>0.636382</td>\n",
       "      <td>1.000000</td>\n",
       "      <td>0.871769</td>\n",
       "      <td>0.646583</td>\n",
       "      <td>0.861177</td>\n",
       "      <td>0.194667</td>\n",
       "      <td>0.848962</td>\n",
       "      <td>0.846990</td>\n",
       "      <td>0.556793</td>\n",
       "    </tr>\n",
       "    <tr>\n",
       "      <td>kukmin</td>\n",
       "      <td>0.364088</td>\n",
       "      <td>0.874273</td>\n",
       "      <td>0.834348</td>\n",
       "      <td>0.899029</td>\n",
       "      <td>0.762653</td>\n",
       "      <td>0.658515</td>\n",
       "      <td>0.871769</td>\n",
       "      <td>1.000000</td>\n",
       "      <td>0.662206</td>\n",
       "      <td>0.832650</td>\n",
       "      <td>0.182775</td>\n",
       "      <td>0.840707</td>\n",
       "      <td>0.844691</td>\n",
       "      <td>0.585014</td>\n",
       "    </tr>\n",
       "    <tr>\n",
       "      <td>tv_chosun</td>\n",
       "      <td>0.344823</td>\n",
       "      <td>0.685699</td>\n",
       "      <td>0.700308</td>\n",
       "      <td>0.662220</td>\n",
       "      <td>0.639923</td>\n",
       "      <td>0.600239</td>\n",
       "      <td>0.646583</td>\n",
       "      <td>0.662206</td>\n",
       "      <td>1.000000</td>\n",
       "      <td>0.613839</td>\n",
       "      <td>0.168861</td>\n",
       "      <td>0.677809</td>\n",
       "      <td>0.627373</td>\n",
       "      <td>0.630597</td>\n",
       "    </tr>\n",
       "    <tr>\n",
       "      <td>sbs_cnbc</td>\n",
       "      <td>0.421327</td>\n",
       "      <td>0.816554</td>\n",
       "      <td>0.806740</td>\n",
       "      <td>0.817446</td>\n",
       "      <td>0.711811</td>\n",
       "      <td>0.612250</td>\n",
       "      <td>0.861177</td>\n",
       "      <td>0.832650</td>\n",
       "      <td>0.613839</td>\n",
       "      <td>1.000000</td>\n",
       "      <td>0.178856</td>\n",
       "      <td>0.771854</td>\n",
       "      <td>0.789128</td>\n",
       "      <td>0.552630</td>\n",
       "    </tr>\n",
       "    <tr>\n",
       "      <td>sbs</td>\n",
       "      <td>0.165745</td>\n",
       "      <td>0.182722</td>\n",
       "      <td>0.185599</td>\n",
       "      <td>0.180229</td>\n",
       "      <td>0.159574</td>\n",
       "      <td>0.209698</td>\n",
       "      <td>0.194667</td>\n",
       "      <td>0.182775</td>\n",
       "      <td>0.168861</td>\n",
       "      <td>0.178856</td>\n",
       "      <td>1.000000</td>\n",
       "      <td>0.200131</td>\n",
       "      <td>0.176582</td>\n",
       "      <td>0.215434</td>\n",
       "    </tr>\n",
       "    <tr>\n",
       "      <td>news1</td>\n",
       "      <td>0.370640</td>\n",
       "      <td>0.882448</td>\n",
       "      <td>0.847924</td>\n",
       "      <td>0.862662</td>\n",
       "      <td>0.793786</td>\n",
       "      <td>0.696042</td>\n",
       "      <td>0.848962</td>\n",
       "      <td>0.840707</td>\n",
       "      <td>0.677809</td>\n",
       "      <td>0.771854</td>\n",
       "      <td>0.200131</td>\n",
       "      <td>1.000000</td>\n",
       "      <td>0.821319</td>\n",
       "      <td>0.615641</td>\n",
       "    </tr>\n",
       "    <tr>\n",
       "      <td>mbn</td>\n",
       "      <td>0.367015</td>\n",
       "      <td>0.870193</td>\n",
       "      <td>0.830164</td>\n",
       "      <td>0.883994</td>\n",
       "      <td>0.757421</td>\n",
       "      <td>0.646964</td>\n",
       "      <td>0.846990</td>\n",
       "      <td>0.844691</td>\n",
       "      <td>0.627373</td>\n",
       "      <td>0.789128</td>\n",
       "      <td>0.176582</td>\n",
       "      <td>0.821319</td>\n",
       "      <td>1.000000</td>\n",
       "      <td>0.545725</td>\n",
       "    </tr>\n",
       "    <tr>\n",
       "      <td>mbc</td>\n",
       "      <td>0.449724</td>\n",
       "      <td>0.595759</td>\n",
       "      <td>0.619312</td>\n",
       "      <td>0.578186</td>\n",
       "      <td>0.625074</td>\n",
       "      <td>0.628629</td>\n",
       "      <td>0.556793</td>\n",
       "      <td>0.585014</td>\n",
       "      <td>0.630597</td>\n",
       "      <td>0.552630</td>\n",
       "      <td>0.215434</td>\n",
       "      <td>0.615641</td>\n",
       "      <td>0.545725</td>\n",
       "      <td>1.000000</td>\n",
       "    </tr>\n",
       "  </tbody>\n",
       "</table>\n",
       "</div>"
      ],
      "text/plain": [
       "                 KTV  korean_eco  channel_a    hangye     Union     world  \\\n",
       "KTV         1.000000    0.374588   0.366194  0.344126  0.372756  0.385760   \n",
       "korean_eco  0.374588    1.000000   0.880426  0.893833  0.806984  0.673988   \n",
       "channel_a   0.366194    0.880426   1.000000  0.867597  0.791544  0.648822   \n",
       "hangye      0.344126    0.893833   0.867597  1.000000  0.798241  0.641633   \n",
       "Union       0.372756    0.806984   0.791544  0.798241  1.000000  0.609037   \n",
       "world       0.385760    0.673988   0.648822  0.641633  0.609037  1.000000   \n",
       "culture     0.404564    0.877442   0.849223  0.874119  0.749164  0.636382   \n",
       "kukmin      0.364088    0.874273   0.834348  0.899029  0.762653  0.658515   \n",
       "tv_chosun   0.344823    0.685699   0.700308  0.662220  0.639923  0.600239   \n",
       "sbs_cnbc    0.421327    0.816554   0.806740  0.817446  0.711811  0.612250   \n",
       "sbs         0.165745    0.182722   0.185599  0.180229  0.159574  0.209698   \n",
       "news1       0.370640    0.882448   0.847924  0.862662  0.793786  0.696042   \n",
       "mbn         0.367015    0.870193   0.830164  0.883994  0.757421  0.646964   \n",
       "mbc         0.449724    0.595759   0.619312  0.578186  0.625074  0.628629   \n",
       "\n",
       "             culture    kukmin  tv_chosun  sbs_cnbc       sbs     news1  \\\n",
       "KTV         0.404564  0.364088   0.344823  0.421327  0.165745  0.370640   \n",
       "korean_eco  0.877442  0.874273   0.685699  0.816554  0.182722  0.882448   \n",
       "channel_a   0.849223  0.834348   0.700308  0.806740  0.185599  0.847924   \n",
       "hangye      0.874119  0.899029   0.662220  0.817446  0.180229  0.862662   \n",
       "Union       0.749164  0.762653   0.639923  0.711811  0.159574  0.793786   \n",
       "world       0.636382  0.658515   0.600239  0.612250  0.209698  0.696042   \n",
       "culture     1.000000  0.871769   0.646583  0.861177  0.194667  0.848962   \n",
       "kukmin      0.871769  1.000000   0.662206  0.832650  0.182775  0.840707   \n",
       "tv_chosun   0.646583  0.662206   1.000000  0.613839  0.168861  0.677809   \n",
       "sbs_cnbc    0.861177  0.832650   0.613839  1.000000  0.178856  0.771854   \n",
       "sbs         0.194667  0.182775   0.168861  0.178856  1.000000  0.200131   \n",
       "news1       0.848962  0.840707   0.677809  0.771854  0.200131  1.000000   \n",
       "mbn         0.846990  0.844691   0.627373  0.789128  0.176582  0.821319   \n",
       "mbc         0.556793  0.585014   0.630597  0.552630  0.215434  0.615641   \n",
       "\n",
       "                 mbn       mbc  \n",
       "KTV         0.367015  0.449724  \n",
       "korean_eco  0.870193  0.595759  \n",
       "channel_a   0.830164  0.619312  \n",
       "hangye      0.883994  0.578186  \n",
       "Union       0.757421  0.625074  \n",
       "world       0.646964  0.628629  \n",
       "culture     0.846990  0.556793  \n",
       "kukmin      0.844691  0.585014  \n",
       "tv_chosun   0.627373  0.630597  \n",
       "sbs_cnbc    0.789128  0.552630  \n",
       "sbs         0.176582  0.215434  \n",
       "news1       0.821319  0.615641  \n",
       "mbn         1.000000  0.545725  \n",
       "mbc         0.545725  1.000000  "
      ]
     },
     "execution_count": 45,
     "metadata": {},
     "output_type": "execute_result"
    }
   ],
   "source": [
    "cosine_df"
   ]
  },
  {
   "cell_type": "code",
   "execution_count": 46,
   "metadata": {},
   "outputs": [
    {
     "name": "stdout",
     "output_type": "stream",
     "text": [
      "  (0, 13)\t0.44972439974629924\n",
      "  (0, 12)\t0.3670152548251521\n",
      "  (0, 11)\t0.3706399436561643\n",
      "  (0, 10)\t0.16574461108525887\n",
      "  (0, 9)\t0.4213274166597377\n",
      "  (0, 7)\t0.36408762620108803\n",
      "  (0, 6)\t0.4045638447325394\n",
      "  (0, 5)\t0.3857600595785396\n",
      "  (0, 4)\t0.3727556133576491\n",
      "  (0, 3)\t0.34412585529526857\n",
      "  (0, 2)\t0.366193971982256\n",
      "  (0, 1)\t0.3745883595319144\n",
      "  (0, 8)\t0.34482254644392346\n",
      "  (0, 0)\t0.999999999999995\n",
      "  (1, 13)\t0.5957593030127725\n",
      "  (1, 12)\t0.8701934423020585\n",
      "  (1, 11)\t0.8824477842677367\n",
      "  (1, 10)\t0.18272183580453294\n",
      "  (1, 9)\t0.8165539291074073\n",
      "  (1, 8)\t0.6856987389135488\n",
      "  (1, 7)\t0.8742730935776286\n",
      "  (1, 6)\t0.8774416356046958\n",
      "  (1, 5)\t0.673987623594528\n",
      "  (1, 4)\t0.806984325824706\n",
      "  (1, 3)\t0.8938334480717688\n",
      "  :\t:\n",
      "  (12, 10)\t0.1765820862373096\n",
      "  (12, 9)\t0.7891275240291705\n",
      "  (12, 8)\t0.6273727092694965\n",
      "  (12, 7)\t0.8446907264601369\n",
      "  (12, 6)\t0.8469900714022455\n",
      "  (12, 5)\t0.6469637240831715\n",
      "  (12, 4)\t0.757420624001288\n",
      "  (12, 3)\t0.8839944212934348\n",
      "  (12, 2)\t0.8301637035307146\n",
      "  (12, 1)\t0.8701934423020585\n",
      "  (12, 0)\t0.3670152548251521\n",
      "  (13, 13)\t0.9999999999999745\n",
      "  (13, 12)\t0.5457248317708812\n",
      "  (13, 11)\t0.6156413400616988\n",
      "  (13, 10)\t0.21543409468818273\n",
      "  (13, 9)\t0.5526298108685926\n",
      "  (13, 8)\t0.6305971086638477\n",
      "  (13, 7)\t0.585014186446305\n",
      "  (13, 6)\t0.5567930933535462\n",
      "  (13, 5)\t0.6286292839369946\n",
      "  (13, 4)\t0.6250738955810029\n",
      "  (13, 3)\t0.578185987071403\n",
      "  (13, 2)\t0.6193123921022842\n",
      "  (13, 1)\t0.5957593030127725\n",
      "  (13, 0)\t0.44972439974629924\n"
     ]
    }
   ],
   "source": [
    "print(cosine_similarity_matrix)"
   ]
  },
  {
   "cell_type": "code",
   "execution_count": null,
   "metadata": {},
   "outputs": [],
   "source": []
  }
 ],
 "metadata": {
  "kernelspec": {
   "display_name": "Python 3",
   "language": "python",
   "name": "python3"
  },
  "language_info": {
   "codemirror_mode": {
    "name": "ipython",
    "version": 3
   },
   "file_extension": ".py",
   "mimetype": "text/x-python",
   "name": "python",
   "nbconvert_exporter": "python",
   "pygments_lexer": "ipython3",
   "version": "3.6.8"
  }
 },
 "nbformat": 4,
 "nbformat_minor": 4
}
