{
 "cells": [
  {
   "cell_type": "code",
   "execution_count": 3,
   "metadata": {},
   "outputs": [],
   "source": [
    "from sklearn.feature_extraction.text import TfidfVectorizer\n",
    "from sklearn.metrics.pairwise import cosine_similarity\n",
    "import matplotlib.pyplot as plt"
   ]
  },
  {
   "cell_type": "code",
   "execution_count": 3,
   "metadata": {},
   "outputs": [],
   "source": [
    "# def corona_doc(doc):\n",
    "#     import pickle\n",
    "#     with open('./코로나방역_Doc/{}_코로나방역_Noun_doc.txt'.format(doc),'rb') as f:\n",
    "#             data=pickle.load(f)\n",
    "#     char=''\n",
    "#     for i in range(len(data)):\n",
    "#         char+=data[i]\n",
    "#     with open('./{}_코로나방역_total.txt'.format(doc),'wb') as f:\n",
    "#             pickle.dump(char,f)"
   ]
  },
  {
   "cell_type": "code",
   "execution_count": 19,
   "metadata": {},
   "outputs": [],
   "source": [
    "# corona_doc('한국경제TV')"
   ]
  },
  {
   "cell_type": "code",
   "execution_count": 6,
   "metadata": {},
   "outputs": [],
   "source": [
    "import pickle\n",
    "with open('./KTV국민방송_코로나방역_total.txt','rb') as f:\n",
    "        KTV=pickle.load(f)"
   ]
  },
  {
   "cell_type": "code",
   "execution_count": 5,
   "metadata": {},
   "outputs": [],
   "source": [
    "import pickle\n",
    "with open('./한국경제TV_코로나방역_total.txt','rb') as f:\n",
    "        korean_eco=pickle.load(f)"
   ]
  },
  {
   "cell_type": "code",
   "execution_count": 14,
   "metadata": {},
   "outputs": [],
   "source": [
    "import pickle\n",
    "with open('./CHANNELA_코로나방역_total.txt','rb') as f:\n",
    "        channel_a=pickle.load(f)"
   ]
  },
  {
   "cell_type": "code",
   "execution_count": 15,
   "metadata": {},
   "outputs": [],
   "source": [
    "import pickle\n",
    "with open('./mbc_코로나방역_total.txt','rb') as f:\n",
    "        mbc=pickle.load(f)"
   ]
  },
  {
   "cell_type": "code",
   "execution_count": 16,
   "metadata": {},
   "outputs": [],
   "source": [
    "import pickle\n",
    "with open('./MBN뉴스_코로나방역_total.txt','rb') as f:\n",
    "        mbn=pickle.load(f)"
   ]
  },
  {
   "cell_type": "code",
   "execution_count": 17,
   "metadata": {},
   "outputs": [],
   "source": [
    "import pickle\n",
    "with open('./news1_코로나방역_total.txt','rb') as f:\n",
    "        news1=pickle.load(f)"
   ]
  },
  {
   "cell_type": "code",
   "execution_count": 18,
   "metadata": {},
   "outputs": [],
   "source": [
    "import pickle\n",
    "with open('./SBS_코로나방역_total.txt','rb') as f:\n",
    "        sbs=pickle.load(f)"
   ]
  },
  {
   "cell_type": "code",
   "execution_count": 19,
   "metadata": {},
   "outputs": [],
   "source": [
    "import pickle\n",
    "with open('./SBSCNBC_코로나방역_total.txt','rb') as f:\n",
    "        sbs_cnbc=pickle.load(f)"
   ]
  },
  {
   "cell_type": "code",
   "execution_count": 20,
   "metadata": {},
   "outputs": [],
   "source": [
    "import pickle\n",
    "with open('./TV조선_코로나방역_total.txt','rb') as f:\n",
    "        tv_chosun=pickle.load(f)"
   ]
  },
  {
   "cell_type": "code",
   "execution_count": 21,
   "metadata": {},
   "outputs": [],
   "source": [
    "import pickle\n",
    "with open('./국민일보_코로나방역_total.txt','rb') as f:\n",
    "        kukmin=pickle.load(f)"
   ]
  },
  {
   "cell_type": "code",
   "execution_count": 22,
   "metadata": {},
   "outputs": [],
   "source": [
    "import pickle\n",
    "with open('./문화일보_코로나방역_total.txt','rb') as f:\n",
    "        munwha=pickle.load(f)"
   ]
  },
  {
   "cell_type": "code",
   "execution_count": 23,
   "metadata": {},
   "outputs": [],
   "source": [
    "import pickle\n",
    "with open('./세계일보_코로나방역_total.txt','rb') as f:\n",
    "        world=pickle.load(f)"
   ]
  },
  {
   "cell_type": "code",
   "execution_count": 24,
   "metadata": {},
   "outputs": [],
   "source": [
    "import pickle\n",
    "with open('./연합뉴스_코로나방역_total.txt','rb') as f:\n",
    "        yonhap=pickle.load(f)"
   ]
  },
  {
   "cell_type": "code",
   "execution_count": 25,
   "metadata": {},
   "outputs": [],
   "source": [
    "import pickle\n",
    "with open('./한겨례_코로나방역_total.txt','rb') as f:\n",
    "        han=pickle.load(f)"
   ]
  },
  {
   "cell_type": "code",
   "execution_count": 28,
   "metadata": {},
   "outputs": [],
   "source": [
    "text=[]\n",
    "text.append(KTV)\n",
    "text.append(korean_eco)\n",
    "text.append(channel_a)\n",
    "text.append(han)\n",
    "text.append(yonhap)\n",
    "text.append(world)\n",
    "text.append(munwha)\n",
    "text.append(kukmin)\n",
    "text.append(tv_chosun)\n",
    "text.append(sbs_cnbc)\n",
    "text.append(sbs)\n",
    "text.append(news1)\n",
    "text.append(mbn)\n",
    "text.append(mbc)"
   ]
  },
  {
   "cell_type": "code",
   "execution_count": 38,
   "metadata": {
    "scrolled": false
   },
   "outputs": [
    {
     "name": "stdout",
     "output_type": "stream",
     "text": [
      "(14, 14)\n"
     ]
    }
   ],
   "source": [
    "vect=TfidfVectorizer()\n",
    "data=vect.fit_transform(text)\n",
    "cosine_similarity_matrix=(data*data.T)\n",
    "print(cosine_similarity_matrix.shape)\n",
    "cosine_array=cosine_similarity_matrix.toarray()"
   ]
  },
  {
   "cell_type": "code",
   "execution_count": 41,
   "metadata": {},
   "outputs": [],
   "source": [
    "import pandas as pd\n",
    "vect_dict=['KTV','korean_eco','channel_a','hangye','Union','world','culture','kukmin','tv_chosun','sbs_cnbc','sbs','news1','mbn','mbc']\n",
    "cosine_df=pd.DataFrame(cosine_array,columns=vect_dict)\n",
    "cosine_df.index=['KTV','korean_eco','channel_a','hangye','Union','world','culture','kukmin','tv_chosun','sbs_cnbc','sbs','news1','mbn','mbc']"
   ]
  },
  {
   "cell_type": "code",
   "execution_count": 42,
   "metadata": {
    "scrolled": false
   },
   "outputs": [
    {
     "data": {
      "text/html": [
       "<div>\n",
       "<style scoped>\n",
       "    .dataframe tbody tr th:only-of-type {\n",
       "        vertical-align: middle;\n",
       "    }\n",
       "\n",
       "    .dataframe tbody tr th {\n",
       "        vertical-align: top;\n",
       "    }\n",
       "\n",
       "    .dataframe thead th {\n",
       "        text-align: right;\n",
       "    }\n",
       "</style>\n",
       "<table border=\"1\" class=\"dataframe\">\n",
       "  <thead>\n",
       "    <tr style=\"text-align: right;\">\n",
       "      <th></th>\n",
       "      <th>KTV</th>\n",
       "      <th>korean_eco</th>\n",
       "      <th>channel_a</th>\n",
       "      <th>hangye</th>\n",
       "      <th>Union</th>\n",
       "      <th>world</th>\n",
       "      <th>culture</th>\n",
       "      <th>kukmin</th>\n",
       "      <th>tv_chosun</th>\n",
       "      <th>sbs_cnbc</th>\n",
       "      <th>sbs</th>\n",
       "      <th>news1</th>\n",
       "      <th>mbn</th>\n",
       "      <th>mbc</th>\n",
       "    </tr>\n",
       "  </thead>\n",
       "  <tbody>\n",
       "    <tr>\n",
       "      <th>KTV</th>\n",
       "      <td>1.000000</td>\n",
       "      <td>0.533860</td>\n",
       "      <td>0.464793</td>\n",
       "      <td>0.523630</td>\n",
       "      <td>0.652249</td>\n",
       "      <td>0.475913</td>\n",
       "      <td>0.594808</td>\n",
       "      <td>0.419675</td>\n",
       "      <td>0.391899</td>\n",
       "      <td>0.326835</td>\n",
       "      <td>0.297851</td>\n",
       "      <td>0.518822</td>\n",
       "      <td>0.649446</td>\n",
       "      <td>0.468772</td>\n",
       "    </tr>\n",
       "    <tr>\n",
       "      <th>korean_eco</th>\n",
       "      <td>0.533860</td>\n",
       "      <td>1.000000</td>\n",
       "      <td>0.547130</td>\n",
       "      <td>0.644445</td>\n",
       "      <td>0.681744</td>\n",
       "      <td>0.595643</td>\n",
       "      <td>0.732483</td>\n",
       "      <td>0.520444</td>\n",
       "      <td>0.464947</td>\n",
       "      <td>0.401839</td>\n",
       "      <td>0.406511</td>\n",
       "      <td>0.681858</td>\n",
       "      <td>0.725105</td>\n",
       "      <td>0.460866</td>\n",
       "    </tr>\n",
       "    <tr>\n",
       "      <th>channel_a</th>\n",
       "      <td>0.464793</td>\n",
       "      <td>0.547130</td>\n",
       "      <td>1.000000</td>\n",
       "      <td>0.478834</td>\n",
       "      <td>0.546441</td>\n",
       "      <td>0.424117</td>\n",
       "      <td>0.597142</td>\n",
       "      <td>0.382850</td>\n",
       "      <td>0.685239</td>\n",
       "      <td>0.571392</td>\n",
       "      <td>0.804531</td>\n",
       "      <td>0.490726</td>\n",
       "      <td>0.564423</td>\n",
       "      <td>0.752638</td>\n",
       "    </tr>\n",
       "    <tr>\n",
       "      <th>hangye</th>\n",
       "      <td>0.523630</td>\n",
       "      <td>0.644445</td>\n",
       "      <td>0.478834</td>\n",
       "      <td>1.000000</td>\n",
       "      <td>0.702455</td>\n",
       "      <td>0.558205</td>\n",
       "      <td>0.671111</td>\n",
       "      <td>0.527315</td>\n",
       "      <td>0.461727</td>\n",
       "      <td>0.371677</td>\n",
       "      <td>0.424745</td>\n",
       "      <td>0.645225</td>\n",
       "      <td>0.677266</td>\n",
       "      <td>0.433566</td>\n",
       "    </tr>\n",
       "    <tr>\n",
       "      <th>Union</th>\n",
       "      <td>0.652249</td>\n",
       "      <td>0.681744</td>\n",
       "      <td>0.546441</td>\n",
       "      <td>0.702455</td>\n",
       "      <td>1.000000</td>\n",
       "      <td>0.550336</td>\n",
       "      <td>0.715351</td>\n",
       "      <td>0.519270</td>\n",
       "      <td>0.476823</td>\n",
       "      <td>0.392581</td>\n",
       "      <td>0.412499</td>\n",
       "      <td>0.677580</td>\n",
       "      <td>0.717929</td>\n",
       "      <td>0.505995</td>\n",
       "    </tr>\n",
       "    <tr>\n",
       "      <th>world</th>\n",
       "      <td>0.475913</td>\n",
       "      <td>0.595643</td>\n",
       "      <td>0.424117</td>\n",
       "      <td>0.558205</td>\n",
       "      <td>0.550336</td>\n",
       "      <td>1.000000</td>\n",
       "      <td>0.570634</td>\n",
       "      <td>0.632071</td>\n",
       "      <td>0.497069</td>\n",
       "      <td>0.330504</td>\n",
       "      <td>0.320387</td>\n",
       "      <td>0.610721</td>\n",
       "      <td>0.630736</td>\n",
       "      <td>0.369622</td>\n",
       "    </tr>\n",
       "    <tr>\n",
       "      <th>culture</th>\n",
       "      <td>0.594808</td>\n",
       "      <td>0.732483</td>\n",
       "      <td>0.597142</td>\n",
       "      <td>0.671111</td>\n",
       "      <td>0.715351</td>\n",
       "      <td>0.570634</td>\n",
       "      <td>1.000000</td>\n",
       "      <td>0.479052</td>\n",
       "      <td>0.442730</td>\n",
       "      <td>0.453693</td>\n",
       "      <td>0.411611</td>\n",
       "      <td>0.656794</td>\n",
       "      <td>0.753450</td>\n",
       "      <td>0.526708</td>\n",
       "    </tr>\n",
       "    <tr>\n",
       "      <th>kukmin</th>\n",
       "      <td>0.419675</td>\n",
       "      <td>0.520444</td>\n",
       "      <td>0.382850</td>\n",
       "      <td>0.527315</td>\n",
       "      <td>0.519270</td>\n",
       "      <td>0.632071</td>\n",
       "      <td>0.479052</td>\n",
       "      <td>1.000000</td>\n",
       "      <td>0.492105</td>\n",
       "      <td>0.297307</td>\n",
       "      <td>0.289902</td>\n",
       "      <td>0.543335</td>\n",
       "      <td>0.560995</td>\n",
       "      <td>0.349787</td>\n",
       "    </tr>\n",
       "    <tr>\n",
       "      <th>tv_chosun</th>\n",
       "      <td>0.391899</td>\n",
       "      <td>0.464947</td>\n",
       "      <td>0.685239</td>\n",
       "      <td>0.461727</td>\n",
       "      <td>0.476823</td>\n",
       "      <td>0.497069</td>\n",
       "      <td>0.442730</td>\n",
       "      <td>0.492105</td>\n",
       "      <td>1.000000</td>\n",
       "      <td>0.464917</td>\n",
       "      <td>0.697637</td>\n",
       "      <td>0.466975</td>\n",
       "      <td>0.483338</td>\n",
       "      <td>0.597882</td>\n",
       "    </tr>\n",
       "    <tr>\n",
       "      <th>sbs_cnbc</th>\n",
       "      <td>0.326835</td>\n",
       "      <td>0.401839</td>\n",
       "      <td>0.571392</td>\n",
       "      <td>0.371677</td>\n",
       "      <td>0.392581</td>\n",
       "      <td>0.330504</td>\n",
       "      <td>0.453693</td>\n",
       "      <td>0.297307</td>\n",
       "      <td>0.464917</td>\n",
       "      <td>1.000000</td>\n",
       "      <td>0.542438</td>\n",
       "      <td>0.351974</td>\n",
       "      <td>0.395826</td>\n",
       "      <td>0.511031</td>\n",
       "    </tr>\n",
       "    <tr>\n",
       "      <th>sbs</th>\n",
       "      <td>0.297851</td>\n",
       "      <td>0.406511</td>\n",
       "      <td>0.804531</td>\n",
       "      <td>0.424745</td>\n",
       "      <td>0.412499</td>\n",
       "      <td>0.320387</td>\n",
       "      <td>0.411611</td>\n",
       "      <td>0.289902</td>\n",
       "      <td>0.697637</td>\n",
       "      <td>0.542438</td>\n",
       "      <td>1.000000</td>\n",
       "      <td>0.391872</td>\n",
       "      <td>0.399033</td>\n",
       "      <td>0.664660</td>\n",
       "    </tr>\n",
       "    <tr>\n",
       "      <th>news1</th>\n",
       "      <td>0.518822</td>\n",
       "      <td>0.681858</td>\n",
       "      <td>0.490726</td>\n",
       "      <td>0.645225</td>\n",
       "      <td>0.677580</td>\n",
       "      <td>0.610721</td>\n",
       "      <td>0.656794</td>\n",
       "      <td>0.543335</td>\n",
       "      <td>0.466975</td>\n",
       "      <td>0.351974</td>\n",
       "      <td>0.391872</td>\n",
       "      <td>1.000000</td>\n",
       "      <td>0.717242</td>\n",
       "      <td>0.400952</td>\n",
       "    </tr>\n",
       "    <tr>\n",
       "      <th>mbn</th>\n",
       "      <td>0.649446</td>\n",
       "      <td>0.725105</td>\n",
       "      <td>0.564423</td>\n",
       "      <td>0.677266</td>\n",
       "      <td>0.717929</td>\n",
       "      <td>0.630736</td>\n",
       "      <td>0.753450</td>\n",
       "      <td>0.560995</td>\n",
       "      <td>0.483338</td>\n",
       "      <td>0.395826</td>\n",
       "      <td>0.399033</td>\n",
       "      <td>0.717242</td>\n",
       "      <td>1.000000</td>\n",
       "      <td>0.501938</td>\n",
       "    </tr>\n",
       "    <tr>\n",
       "      <th>mbc</th>\n",
       "      <td>0.468772</td>\n",
       "      <td>0.460866</td>\n",
       "      <td>0.752638</td>\n",
       "      <td>0.433566</td>\n",
       "      <td>0.505995</td>\n",
       "      <td>0.369622</td>\n",
       "      <td>0.526708</td>\n",
       "      <td>0.349787</td>\n",
       "      <td>0.597882</td>\n",
       "      <td>0.511031</td>\n",
       "      <td>0.664660</td>\n",
       "      <td>0.400952</td>\n",
       "      <td>0.501938</td>\n",
       "      <td>1.000000</td>\n",
       "    </tr>\n",
       "  </tbody>\n",
       "</table>\n",
       "</div>"
      ],
      "text/plain": [
       "                 KTV  korean_eco  channel_a    hangye     Union     world  \\\n",
       "KTV         1.000000    0.533860   0.464793  0.523630  0.652249  0.475913   \n",
       "korean_eco  0.533860    1.000000   0.547130  0.644445  0.681744  0.595643   \n",
       "channel_a   0.464793    0.547130   1.000000  0.478834  0.546441  0.424117   \n",
       "hangye      0.523630    0.644445   0.478834  1.000000  0.702455  0.558205   \n",
       "Union       0.652249    0.681744   0.546441  0.702455  1.000000  0.550336   \n",
       "world       0.475913    0.595643   0.424117  0.558205  0.550336  1.000000   \n",
       "culture     0.594808    0.732483   0.597142  0.671111  0.715351  0.570634   \n",
       "kukmin      0.419675    0.520444   0.382850  0.527315  0.519270  0.632071   \n",
       "tv_chosun   0.391899    0.464947   0.685239  0.461727  0.476823  0.497069   \n",
       "sbs_cnbc    0.326835    0.401839   0.571392  0.371677  0.392581  0.330504   \n",
       "sbs         0.297851    0.406511   0.804531  0.424745  0.412499  0.320387   \n",
       "news1       0.518822    0.681858   0.490726  0.645225  0.677580  0.610721   \n",
       "mbn         0.649446    0.725105   0.564423  0.677266  0.717929  0.630736   \n",
       "mbc         0.468772    0.460866   0.752638  0.433566  0.505995  0.369622   \n",
       "\n",
       "             culture    kukmin  tv_chosun  sbs_cnbc       sbs     news1  \\\n",
       "KTV         0.594808  0.419675   0.391899  0.326835  0.297851  0.518822   \n",
       "korean_eco  0.732483  0.520444   0.464947  0.401839  0.406511  0.681858   \n",
       "channel_a   0.597142  0.382850   0.685239  0.571392  0.804531  0.490726   \n",
       "hangye      0.671111  0.527315   0.461727  0.371677  0.424745  0.645225   \n",
       "Union       0.715351  0.519270   0.476823  0.392581  0.412499  0.677580   \n",
       "world       0.570634  0.632071   0.497069  0.330504  0.320387  0.610721   \n",
       "culture     1.000000  0.479052   0.442730  0.453693  0.411611  0.656794   \n",
       "kukmin      0.479052  1.000000   0.492105  0.297307  0.289902  0.543335   \n",
       "tv_chosun   0.442730  0.492105   1.000000  0.464917  0.697637  0.466975   \n",
       "sbs_cnbc    0.453693  0.297307   0.464917  1.000000  0.542438  0.351974   \n",
       "sbs         0.411611  0.289902   0.697637  0.542438  1.000000  0.391872   \n",
       "news1       0.656794  0.543335   0.466975  0.351974  0.391872  1.000000   \n",
       "mbn         0.753450  0.560995   0.483338  0.395826  0.399033  0.717242   \n",
       "mbc         0.526708  0.349787   0.597882  0.511031  0.664660  0.400952   \n",
       "\n",
       "                 mbn       mbc  \n",
       "KTV         0.649446  0.468772  \n",
       "korean_eco  0.725105  0.460866  \n",
       "channel_a   0.564423  0.752638  \n",
       "hangye      0.677266  0.433566  \n",
       "Union       0.717929  0.505995  \n",
       "world       0.630736  0.369622  \n",
       "culture     0.753450  0.526708  \n",
       "kukmin      0.560995  0.349787  \n",
       "tv_chosun   0.483338  0.597882  \n",
       "sbs_cnbc    0.395826  0.511031  \n",
       "sbs         0.399033  0.664660  \n",
       "news1       0.717242  0.400952  \n",
       "mbn         1.000000  0.501938  \n",
       "mbc         0.501938  1.000000  "
      ]
     },
     "execution_count": 42,
     "metadata": {},
     "output_type": "execute_result"
    }
   ],
   "source": [
    "cosine_df"
   ]
  }
 ],
 "metadata": {
  "kernelspec": {
   "display_name": "Python 3",
   "language": "python",
   "name": "python3"
  },
  "language_info": {
   "codemirror_mode": {
    "name": "ipython",
    "version": 3
   },
   "file_extension": ".py",
   "mimetype": "text/x-python",
   "name": "python",
   "nbconvert_exporter": "python",
   "pygments_lexer": "ipython3",
   "version": "3.6.8"
  }
 },
 "nbformat": 4,
 "nbformat_minor": 4
}
